Test 1, 44800, 13, 112, 593, 18, 1, 1;
Test 2, 214050, 6, 172, 803, 15, 0, 1;
Test 3, 713250, 1, 12, 58, 0, 0, 1;
Test 4, 6568450, 7, 87, 1736, 27, 0, 4;
Test 5, 1819350, 9, 27, 2552, 43, 1, 10;
Test 6, 10800, 1, 7, 78, 1, 0, 2;
Test 7, 10050, 1, 19, 101, 2, 0, 0;
Test 8, 2250, 1, 1, 12, 0, 0, 0;
toto, 2000, 0, 2, 0, 4, 1, 17;
gogo, 4500, 0, 2, 0, 9, 1, 28;
eznfo, 6500, 0, 2, 0, 13, 1, 13;
Tom, 49700, 0, 15, 2, 98, 1, 157;
CProg, 48650, 0, 31, 0, 81, 1, 259;
CProg2, 16000, 0, 5, 0, 28, 1, 82;
Playtest, 14550, 0, 7, 0, 23, 1, 39;
Win, 27250, 0, 15, 1, 47, 1, 146;
Mine, 29650, 0, 16, 2, 52, 1, 200;
hugy, 7200, 0, 2, 0, 11, 1, 31;
