Test1,44800,13,112,593,18,1,1;
Test2,214050,6,172,803,15,0,1;
Test3,713250,1,12,58,0,0,1;
Test4,6568450,7,87,1736,27,2,4;
Test5,1819350,9,27,2552,43,2,10;
Test6,10800,1,7,78,1,0,2;
Test7,10050,1,19,101,2,0,0;
Test8,2250,1,1,12,0,0,0;
Test9,150,1,1,3,0,0,0;
Test10,25200,2,39,261,5,2,0;
tom,0,0,0,0,0,1,5;
New,250,0,2,0,0,1,9;
Yo,2700,0,21,0,0,1,102;
nezk,50,0,1,0,0,1,12;
vezvez,0,0,1,0,0,1,11;
cneikzbnvc,100,0,2,0,0,1,7;
game,750,0,3,0,0,1,22;
job,250,3,1,3,0,2,13;
two,3850,4,31,6,0,2,293;
ofnezo,850,0,9,0,0,1,38;
Me,1800,0,19,0,0,2,80;
tom,5200,0,47,0,0,1,173;
